5
1
3
2
4
1
5
5
4
4
1
2
3
1
4
4
1
5
4
3
5
2
5
2
3
1
5
2
5
4
5
3
3
3
5
6
3
5
4
6
5
9
5
8
10
13
16
15
14
15
13
21
22
23
24
34
35
37
37
37
34
38
38
38
38
34
37
38
35
37
38
35
38
35
35
35
36
36
37
34
36
37
37
37
35
35
35
55
58
56
57
55
59
89
89
92
93
91
90
92
144
146
144
145
144
146
147
145
147
145
148
144
146
144
233
236
236
237
234
236
236
234
233
237
233
233
233
236
237
234
236
234
235
236
237
237
237
235
377
378
610
612
610
614
610
610
987
990
989
989
990
987
989
988
988
987
990
990
990
988
991
989
1597
1599
1597
1598
1598
1601
1601
1600
2584
2588
2586
2588
2585
2588
2588
2585
2585
2588
2588
2586
4181
4181
4185
4185
4184
4185
4185
4181
4184
4183
4181
4183
4185
6765
6767
6765
10946
10946
10949
10948
10946
10948
10947
10950
10947
17711
17713
17714
17714
17715
17714
17715
17712
17714
17712
17711
17713
17711
17712
17714
28657
28659
28660
28658
28661
28658
28659
28660
28661
28661
28657
28659
28658
28660
28660
28660
28661
28661
28658
28657
28661
28660
28657
28659
28661
28657
28658
28659
28660
28659
28658
28661
28659
46368
46372
46368
46369
75025
75026
75029
75027
75028
75028
75025
75029
75025
75029
75025
75025
75028
75029
75028
75026
75028
75028
75025
121393
121397
121394
121393
196418
196421
196419
196421
196418
196418
196419
196422
196418
196420
317811
317815
317811
514229
514231
832040
832040
832043
832040
832041
832040
832043
832043
832042
832042
832043
832042
832043
832042
832040
832042
832041
832043
832040
832041
832041
832042
832044
832044
1346269
1346270
1346270
1346270
1346273
1346270
1346273
1346272
2178309
2178312
2178311
2178310
2178311
2178310
2178310
2178311
2178312
2178309
2178310
2178313
2178310
2178311
2178310
2178309
2178310
2178309
2178313
2178311
2178312
2178312
2178313
2178309
2178310
2178312
2178313
2178311
2178313
2178313
2178313
2178311
2178310
2178310
2178311
2178313
3524578
3524580
3524582
5702887
5702887
5702891
5702889
5702888
5702890
9227465
9227469
9227467
9227469
9227465
9227465
9227465
9227466
9227467
9227467
9227466
9227467
9227465
9227467
9227467
9227468
9227467
9227466
9227467
9227467
9227467
14930352
14930356
14930356
24157817
24157819
24157821
39088169
39088173
39088172
39088173
39088173
39088170
63245986
63245987
63245987
63245987
63245987
63245987
63245988
63245989
63245987
102334155
