286
1
48
572
185
604
203
140
617
186
25
296
288
177
345
359
184
176
194
459
305
244
420
563
541
448
1
54
48
140
61
369
531
26
568
143
61
40
70
526
365
2
287
455
608
279
7
3
397
561
337
394
620
398
387
554
534
88
497
5
81
76
42
288
135
367
518
567
554
237
8
514
68
54
370
543
446
514
36
480
461
500
463
13
35
592
159
259
604
557
21
612
543
217
546
3
531
73
401
401
321
34
19
55
419
216
423
286
252
365
89
189
144
98
31
60
86
482
203
235
398
383
516
159
274
328
225
209
559
206
574
612
341
298
329
331
492
445
267
298
554
271
112
32
235
304
359
233
377
604
424
159
30
386
559
32
108
537
304
295
610
83
65
221
340
490
613
119
569
987
334
176
323
200
624
1597
366
425
555
2584
224
225
209
4181
69
43
6765
440
565
501
498
385
10946
363
487
244
481
487
132
583
525
130
253
157
10
110
186
49
17711
28657
194
486
347
376
420
156
307
607
600
368
132
332
211
150
605
402
64
149
79
250
381
27
247
519
442
573
313
447
522
624
46368
556
488
350
129
254
287
23
406
392
95
288
75025
